[EyeinHand]
trans_x = 1
trans_y = 1
trans_z = 1
trans_yaw = 1
trans_pitch = 1
trans_roll = 1

[cameralist]
全局相机 = 3223677
局部相机 = None

[EyeoutofHand]
trans_x  = 1151.3937130802494
trans_y  = -627.4027960137688
trans_z  = 3125.5372260455365
trans_yaw  = -87.34839970089988
trans_pitch  = 1.669142853258473
trans_roll  = -180.01904080842303

